0.6613805499273949 0.9827714290078902
0.7162153034065784 0.7131877678996807
0.018674759932262752 0.7092468804890621
0.2647190327633526 0.21753293822743547
0.591667305542641 0.8330185248452032
0.9838028057262456 0.5016842116115138
0.3328962606289767 0.2670984034546804
0.0987210191885377 0.07495922074983385
0.23508287788947735 0.45287050947059126
0.45995513613319206 0.27025205217209103
0.8344272220172426 0.2959790810410644
0.365254150390927 0.4523172773194628
0.04629561791225856 0.8381780744064187
0.26116468038966023 0.40085143510012033
0.8980434042417764 0.6369695330644395
0.36138958056130965 0.44926977477433083
0.9630128387819826 0.7722133660174265
0.36368573862738385 0.9857700865845647
0.5212380550898442 0.9674892195837967
0.6136245821356825 0.8428355662774469
0.897194241033526 0.03853036919040731
0.08865777292414112 0.8822996022620166
0.5565674837631502 0.04531077991290566
0.35123991347717765 0.22064274495441338
0.5713552991692974 0.96252602671873
0.8316718761907707 0.8755155322134179
0.14091762557277487 0.9204631641018245
0.1143400577603344 0.7221515022885574
0.7954638111805351 0.13511328580013615
0.13751512295276747 0.9592769614483873
0.14895380690085924 0.9269312716958626
0.2764408383611703 0.8051715157401869
0.419461647163456 0.9372930241647301
0.8714011748748924 0.12909447747466063
0.3826214923179194 0.7219360225064397
0.9232223058588414 0.3172018596219136
0.001529875573718087 0.5093791242126883
0.9848318353857268 0.4447242457541889
0.7857879959286898 0.30261221857817344
0.7727302417314372 0.41205838819508467
0.4953708367243035 0.28353062255288164
0.5890460353480916 0.8249251495388009
0.5754370077958103 0.50212550390311
0.6108136228904165 0.018370196212590506
0.18548625154460185 0.3755874699486782
0.677685758750058 0.35147006879160936
0.20467083301287325 0.3234143401016486
0.8424646229526456 0.8199019495150709
0.4696704914428077 0.3647295238731363
0.6547486180408426 0.22394988970548368
0.36528129868878345 0.14134469641049596
0.8665511447586957 0.789308401003001
0.3088456947650777 0.7408778139586094
0.7756753731030261 0.47125850552645243
0.2550890953942059 0.3335656792670444
0.3180104617500006 0.23131954097640017
0.6833594893876519 0.39939712481467415
0.42558257863243454 0.5660514032520739
0.4151168136694743 0.9079785199180658
0.32291790937150155 0.9396383053860702
0.13790028811589794 0.17866187321119442
0.5251185013612677 0.39270025304808254
0.7248470008205329 0.45925338314685016
0.3244721647646951 0.059757940957219535
0.6948831338962402 0.6248246027324756
0.6670577582365919 0.16230382280163047
0.004453107713049187 0.3956298417739612
0.9657360997888169 0.6231916682981805
0.22554724709833773 0.7743972189488746
0.0999515669981067 0.22806315238448405
0.3271756078992113 0.33766113012701093
0.015171931845029518 0.7154859611888974
0.025190865875489132 0.009258477779060637
0.7226411107457802 0.9620885566600015
0.29629049637205374 0.1976575525355938
0.14606568346050552 0.05227880105038496
0.6225654380063369 0.6369982285108096
0.5367714865302388 0.9454563461883951
0.33343262345488456 0.7747817322016743
0.08472321995530385 0.0030065440383842956
0.27719675841746483 0.3388005034733529
0.9577535335933964 0.688899305418193
0.529912552310591 0.02223740798501994
0.81598356612073 0.8842955669666451
0.4324226016653907 0.6700020002218763
0.822876961425371 0.24291760603353652
0.40513928056111825 0.5816567279163092
0.272483790081543 0.4850288713801082
0.19224135368652406 0.007450635222883806
0.7079659617272088 0.7650041221407807
0.6129872792941502 0.8022510611554162
0.6848296851113909 0.35706503378186805
0.12606855241625514 0.2124371659690243
0.6331562534804658 0.096639460370325
0.8522734953142699 0.6513244343679985
0.18730247401496114 0.8223098557762076
0.6344688252850801 0.28233569441989415
0.38099595283352183 0.6311048550205262
0.9498212539978063 0.6718006406112802
0.560182971611655 0.39892543826027727
3.1860395707460887 3.5342463867549068
3.034468772774171 3.2092644055077924
3.63390101422884 3.359898965773034
3.304251572797948 3.7031407381388326
3.1004639805944647 3.6564532062786355
3.3724061364797997 3.6670844724804907
3.0383689803476313 3.2943390064806173
3.4596943056569605 3.0712644567126324
3.022503328771828 3.207551889410726
3.7175040874498553 3.677113575258148
3.8663500782969877 3.251729314163433
3.1432990899815128 3.5772979637701874
3.8155258420654743 3.862495387841289
3.5911520600458404 3.096874450917968
3.7023603693009726 3.301229245770625
3.657842237823867 3.874169380549138
3.903240244190727 3.4289715473951508
3.4229871787733357 3.3017725684957706
3.510022873490091 3.1417972083873824
3.092683245222548 3.9681756419078935
3.9212349429780047 3.6238172291942643
3.190901124360733 3.279729380231388
3.243679963985833 3.125528539121998
3.2044137135663595 3.1430665912452014
3.6802701148885895 3.671316530693856
3.1930749592609375 3.960135001421211
3.0384922157467598 3.972216896980572
3.7611591575084358 3.60343202868824
3.028841985632967 3.5686424809050674
3.547120761085872 3.6847001463881996
3.4400031171603622 3.1412576005649346
3.647718791808524 3.1623891278813754
3.164631282145851 3.549914511151656
3.2928612332866107 3.110686360481961
3.876186298719646 3.786864277596451
3.2046085945799625 3.068076711692423
3.4597726916189386 3.3519452584429215
3.0207378331775105 3.869813251382518
3.545436923655564 3.403890269435539
3.045438529901515 3.953369481043975
3.8478908455243137 3.8237744277826065
3.5427053184136854 3.4339213608318664
3.5860120756685614 3.4587327515700084
3.7465904955358726 3.5381695551406853
3.7711021584663684 3.6149522918116515
3.035765508011326 3.2911170550521027
3.328297706570669 3.3339239987818896
3.3474253352831087 3.783392228724045
3.1695017330925657 3.962489258920956
3.526226871301713 3.5947483492683405
3.843566847229945 3.2090585728144796
3.2458626228782355 3.126414814743968
3.010759576044192 3.645040358006435
3.5028100431819316 3.8626926246347315
3.2391301377663964 3.8350116999464063
3.514946109520699 3.088409490269089
3.059328386645375 3.10938785278205
3.1722578354037796 3.5802694391390024
3.503628284009836 3.848163600190557
3.7124493325782577 3.606410590791658
3.4184593961157956 3.5082454371564524
3.1753098411213094 3.6001203102091623
3.9766359121051282 3.7474833763300754
3.7132429370880313 3.662746633860294
3.303583805580482 3.5347027378305125
3.2635998520603393 3.78700488808829
3.178318124100987 3.808589979589841
3.0399483094495006 3.228220894030127
3.7669769992617272 3.7921712365641573
3.6738526170715495 3.5583010907305592
3.8007847634182803 3.3848160207767233
3.761080314860208 3.7806087647598337
3.8551376830459665 3.609285710974218
3.134919086957573 3.076771734921796
3.0960928392363707 3.5469285510863027
3.297459475970033 3.4401255809163063
3.9482968766447097 3.437970502234816
3.2684295217953636 3.892185254858789
3.001676642573502 3.541431490944575
3.3130300696879873 3.8658095406959925
3.7942431739806315 3.4584951110586166
3.0880033709542793 3.104138301759601
3.750937141853622 3.8584685144865434
3.4793146879663426 3.429284678247103
3.9658234731087645 3.916308221507924
3.15364782122764 3.204751403789663
3.8866058725256685 3.0581130201703766
3.176013539364006 3.0746859474442516
3.557676538697773 3.308262762003726
3.1450848182791287 3.4415928464695225
3.2294372999162113 3.53351606567258
3.0586635951381185 3.6922880336887345
3.3881917923237035 3.388197301985509
3.289704305994143 3.121321046538535
3.2455908509696867 3.806471326760539
3.471912119820626 3.7552879676227167
3.5864438036023154 3.407502738817332
3.8676252777443434 3.254530722245409
3.9568269116808477 3.3707230663100516
3.0279835605752408 3.189139148651834
3.219740383277392 3.9479771573281894
3.781250009692873 3.6068718558698425
3.2365669450859453 3.5072741375896013
3.514367399014645 3.1378174179308513
3.129349302479673 3.8891848235790785
3.329496370714378 3.6756908453142705
3.3601116897495458 3.9289640105385293
3.580387247590218 3.598012417176493
3.478078924839376 3.524945010459579
3.8099321586571713 3.297326672627637
3.9809147039741872 3.8020860052469523
3.185501708374077 3.3387283346980308
3.237064433431282 3.5858821624356176
3.4687982463357088 3.3591470495759728
3.0046542296090015 3.957903392620134
3.276722566803774 3.28872829932719
3.9292084933043676 3.316503782220651
3.957830161759956 3.5643402886905493
3.9325494349100776 3.653287008900626
3.3877339537589495 3.1759808809543455
3.2229267577924032 3.969433433953274
3.225006304699801 3.4400956267723823
3.3895506960771944 3.2113360906629147
3.528787945621104 3.931610094268736
3.5601190162733376 3.7929037719441214
3.504934315784779 3.459478462685536
3.518577020726445 3.6476745052927235
3.9040673673289708 3.072610975880788
3.264939010632427 3.807519200683013
3.961342922054972 3.2145079663734797
3.998949418031759 3.263574673855214
3.347015579145967 3.3169350542074807
3.057159908725856 3.2182154204215934
3.6188064435841674 3.0196470275778227
3.1059644525952574 3.038452011836817
3.3763175943804153 3.2997243427945424
3.475605667838998 3.039852425597525
3.6165820007277523 3.8383350579026585
3.2105781372782523 3.668257944304684
3.3187049908244344 3.573229857790645
3.4275311743074774 3.429008215169045
3.9314240233066755 3.101661838613947
3.146595652574251 3.53030573338234
3.8345059923934732 3.628762322353293
3.269786141851779 3.7879005080301376
3.4022447805580565 3.059034955199671
3.288962059890682 3.2209030227927316
3.4554133804831775 3.6116892366536453
3.9751409296448346 3.937089410060126
3.701022486605435 3.667613427928324
3.483143125540158 3.2969077149096213
3.5564097043301706 3.1410744460382314
3.7288449968805866 3.9804033095329316
3.3867622141126934 3.8051333978509456
3.728574013915156 3.617246689471411
3.7189852338695317 3.3622472385888815
3.445693850601128 3.1560446502864794
3.131023485932332 3.963919582291951
3.072868972187349 3.6346688354365733
3.4016567537785094 3.2159138560805856
3.926933818682227 3.136845923144261
3.5152227173217394 3.843048309900113
3.753833888306532 3.0174993446483684
3.402816587407095 3.4921610557488494
3.6023779028367366 3.4335686548940134
3.435197080280905 3.7821198411592687
3.2737328467145987 3.595268177804357
3.4405802912989256 3.9846949802729807
3.382101215266789 3.7192278372410774
3.3296046185388857 3.543566903032109
3.183102352071166 3.2847964546772985
3.8538246052559852 3.705590054826463
3.334840016544993 3.932354564585257
3.8402651336361777 3.8263107482455734
3.8680983582910082 3.466619160949723
3.115040958557058 3.279741998003395
3.811780326194686 3.102644341854882
3.1689505001047964 3.6395169694465817
3.538278557100322 3.814393574730791
3.644232848887009 3.8895979482938534
3.018263566990567 3.4517193350813047
3.0839235748532077 3.130590827378694
3.846427494184648 3.9131042271273078
3.35751359460916 3.6109025578742573
3.74971748345508 3.90709005733037
3.8926445502361515 3.3786282025249643
3.367458781304628 3.482233863210952
3.8591741773101607 3.0288632898964085
3.7788568833832548 3.5853775453094285
3.001275680327325 3.2841153765917075
3.13268774545703 3.5228143138305863
3.447765448385536 3.9735484870596864
3.881385647679595 3.27404896764245
3.3113418838163056 3.99879918371625
3.3218603086436014 3.8556149758602576
3.4810849044091707 3.3209551261836
3.91416784468042 3.983547340346325
3.4218467934382866 3.871091864340619
3.272095224140682 3.1548548964833585
3.5059009982043343 3.3585782885969877
